67, 1987
66, 1946
65, 1943
64, 1935
63, 1907
62, 1887
61, 1856
60, 1846
59, 1824
58, 1821
57, 1816
56, 1814
55, 1799
54, 1786
53, 1739
52, 1738
51, 1709
50, 1704
49, 1692
48, 1674
47, 1657
46, 1653
45, 1643
44, 1643
43, 1620
42, 1614
41, 1590
40, 1551
39, 1534
38, 1511
37, 1502
36, 1490
35, 1489
34, 1484
33, 1481
32, 1469
31, 1463
30, 1444
29, 1434
28, 1416
27, 1408
26, 1405
25, 1404
24, 1384
23, 1360
22, 1344
21, 1298
20, 1282
19, 1282
18, 1275
17, 1273
16, 1247
15, 1225
14, 1154
13, 1141
12, 1083
11, 1061
10, 1059
9, 1059
8, 866
7, 707
6, 577
5, 556
4, 554
3, 431
2, 338

