218, 999
217, 999
216, 995
215, 992
214, 991
213, 991
212, 990
211, 989
210, 989
209, 987
208, 981
207, 980
206, 979
205, 979
204, 978
203, 978
202, 976
201, 975
200, 975
199, 974
198, 972
197, 966
196, 966
195, 963
194, 960
193, 958
192, 954
191, 953
190, 951
189, 951
188, 951
187, 949
186, 945
185, 928
184, 927
183, 924
182, 924
181, 923
180, 923
179, 922
178, 917
177, 916
176, 916
175, 904
174, 903
173, 903
172, 900
171, 897
170, 895
169, 891
168, 882
167, 880
166, 876
165, 874
164, 871
163, 870
162, 866
161, 864
160, 861
159, 859
158, 857
157, 846
156, 846
155, 844
154, 841
153, 840
152, 840
151, 839
150, 838
149, 838
148, 825
147, 824
146, 819
145, 819
144, 815
143, 811
142, 811
141, 810
140, 806
139, 805
138, 804
137, 803
136, 798
135, 798
134, 794
133, 794
132, 788
131, 787
130, 783
129, 783
128, 782
127, 781
126, 781
125, 780
124, 767
123, 766
122, 762
121, 762
120, 762
119, 761
118, 755
117, 752
116, 752
115, 749
114, 744
113, 743
112, 741
111, 739
110, 738
109, 738
108, 737
107, 730
106, 728
105, 726
104, 725
103, 725
102, 720
101, 716
100, 711
99, 710
98, 689
97, 686
96, 682
95, 677
94, 677
93, 673
92, 671
91, 667
90, 666
89, 664
88, 661
87, 654
86, 654
85, 648
84, 641
83, 637
82, 634
81, 628
80, 620
79, 618
78, 616
77, 613
76, 610
75, 608
74, 606
73, 604
72, 601
71, 591
70, 578
69, 576
68, 573
67, 569
66, 567
65, 567
64, 565
63, 558
62, 555
61, 555
60, 547
59, 543
58, 540
57, 540
56, 533
55, 525
54, 522
53, 520
52, 520
51, 519
50, 519
49, 503
48, 479
47, 477
46, 476
45, 453
44, 451
43, 432
42, 430
41, 428
40, 418
39, 415
38, 413
37, 395
36, 390
35, 389
34, 378
33, 367
32, 366
31, 364
30, 363
29, 360
28, 357
27, 348
26, 348
25, 347
24, 330
23, 327
22, 327
21, 323
20, 305
19, 293
18, 291
17, 291
16, 288
15, 277
14, 261
13, 260
12, 251
11, 239
10, 238
9, 230
8, 228
7, 201
6, 180
5, 134
4, 112
3, 110
2, 61

